86217893119283
172170677009068541
172116783252721534
172113162857257421
172116745084317575
172160231246539385
172167232550528975
172167212835555019
172188184753442295
87283567298784
172186745049888863
172161942105135730
172104891270401577
172178930807356903
172116643771810707
172109852277461308
172186658169843321
172186090401028166
172104565414017867
172156892624813159
172113370416063988
172167798332883870
172104653547614261
172130937711081664
172175576303846104
172177096614925297
172170552069687003
172180497818184399
172125034725209320
172166874965960482
172178925570823881
172199258072865209
172158818064921515
172149433990281489
172104697912604308
172116099831512728
172183162885444087
172124068429787828
172115488711934360
172158887411302679
172087249463002325
172158989266077248
172130921176975933
172160368751092317
172104140281012399
172155050063822808
82274867605335
172163162788208021
172131769707855515
172158959359986985
172171330784030398
172116148407853204
86906550360248
172093096725975471
172131820000130062
172109727564499973
172113466331610356
172152202306675856
172185851157939133
172160352604343945
82651098516803
80573394476914
172156539636140044
172113399532733166
172160403428507403
172108843946548311
172189534848972533
83471918202649
80099997833160
172113853535703899
82936454079438
172104678387873990
172187581375604593
172109698105953028
82670775033068
172109509773378374
172130806068498823
172083584858348873
172080683215752281
172139528329251426
172162771327741325
172109728042856669
172184671971039824
172177117167717095
172150970510424640
172104703098090724
172116180908693870
172175008800601832
172104712911894659
172109339992302637
172165080452717036
87430584590764
172104727425926870
172092661150532583
88946108952929
172095614385577813
172085896850947207
172104749332108145
172174891126321024
172170684918410608
172116096649855505
172084694221373992
172092474798761469
172092474798761469
172084694221373992
172115177830448887
172116758116190043
85277462235876
172104406122153589
172170652127245834
172165096569427988
172116764686319467
81085249482775
87474006155979
81003283968910
172104408972023375
172147952603305445
172104555092678171
172112641907898848
88124649736608
172147179771710376
172163087967698439
88384143596234
87856597465578
89834752235158
89532000066616
172181198452690423
172104647006982599
172186648996857347
172116141840062343
172079978170568828
172131139393772533
172109359620799731
172183161210308546
172128443188387100
89067255305936
87486333241278
172175089475281423
172171329371378129
86401373885496
172113373404568000
172170547723237393
82060120155367
83908063088610
172131844497643148
172156666241870614
172108655809653057
172120107437575900
172185852118805157
172132195976573978
84183519216406
172104710829832662
172112306499658709
172178161864868503
172113179054032803
88264804019486
172161421582880548
172179414218246895
172113755191608033
172103471564651012
172185856508422325
172170618179160965
172130810266464298
81673431233548
88234128396600
172147078078802128
172115206338810791
172156652859362383
172130936188384395
172093815700197672
84749177056240
172110378703580344
172178376138136988
172175207937422308
172113473190961805
172111417109323112
172179891345461804
172111424961026403
81746035453688
172186743660108521
172162855907011587
172116177094244286
172131497506590238
172131865467119736
172158741937526420
172165493145372590
172113682499477145
172109097915690419
172116783397073437
172175577300436949
172186768192769565
172178931035202109
172163004111618866
172109311901076529
172166009331866127
172131727759806950
172163276924027960
172186744197170406
172166258945332139
81048311598015
172096038907871406
81048436188012
85247983892883
172166262021124196
172160234724954787
81747357044066
172165094000593377
172161712836276479
172170675096406707
172084894351283595
81000918313594
172116096149913283
172179771067170793
172116759495752015
172131860544038645
172101481308078267
172120048293415106
172102494368788732
172131513929678895
172147414889772111
172186060240079381
88712464581918
172110362251683460
172131553431680674
172109436934150601
172115214550368753
172115210298827050
172108345555762738
172180170929313088
172167826352067551
172120003146745712
172153084711881041
172104393233273870
172157911888671464
172150929217268429
172185810646854089
172092741176800782
172181200906686724
172162726450595682
172116119002708135
172116788685757237
172149966750958762
172104644375732960
172096564057670801
172130907333366959
172104716556130501
172109612279838584
172179222269854958
172115761472774104
172157820801650697
172092273634731193
172164365675559823
172113751432591385
172155049400671720
172179829146649359
172152201402654708
88208254353907
172158011150960973
172186658728714492
172149970534383248
172163112188409455
172104378336905676
172170829394627692
172161419543816007
172104696504461796
172185819076951505
172139569144178113
172116773843437641
172178173709129413
172148310193391383
172159065035536498
172159068923066255
172159110023483277
82458180191799
172104875710007276
172077675332979248
84136654425943
84212394413942
172104540790259037
172165596098191062
172155105019646816
172162733711865425
172104679530762304
172104381894900246
172186059772587464
85207673259363
172104714789145453
172109363423892644
172158014212474264
172127249411489378
85349572215227
172084895366452109
172185610520725201
172163078988056202
81903106046381
172083796764676003
87536834898036
89042479989863
172081220476350791
82365187465339
88169382076170
172082315902980846
88636590407446
172086546229726423
84446547089403
83714707186972
86924282195084
172095039045147221
80926322049757
172131777654221375
172112935102304515
172167788148940311
89096742236952
85952572050600
172139578283072961
172109427297619761
81827013626620
87811079086777
172170842442838153
172086593221690843
172131785562533682
172104706345544765
85258320894640
80943040624026
172179830216681579
172086290412070857
172131650049045850
85247296434680
84665495182938
172155995585533491
83372108400723
172152197889496920
172183162632868273
172153089414508452
172178606494730069
172087941773763675
172066618012045339
172113634245890014
172084228024844022
172084127930396046
87567146875774
172170402717709678
172110699851348857
172104729792671774
80569707139726
172163275785821255
172176815265305488
172109325245799703
172114858805913770
172163275864149800
172156777061156073
172163117427425758
172158051957874266
172131156352090293
172178933635852598
172186741966024319
172092041189807480
88921239271297
172096406833783310
172190002066977094
172157314210412329
172078612359562408
172085834407557666
172165492332919478
172158910674558058
172175202481556999
172131116383547307
172178950408994589
172175453268976724
172159556109389129
172128442160461842
172131834735110059
172156710615957845
172165096182371969
172165591588663910
172185436788431385
172112380234318234
172120012628071489
172180705542333177
172116744619761290
172096127114089504
172179843096637876
172111353800196566
172174959172293254
172155052003042471
172185631565572571
172113172125957868
172108857081786312
172179203667901054
172139738326024995
172104120855889182
172170651110668218
172082410358173721
172179819547095849
172112055199007937
172128449663508938
172131068773745639
88083745581746
172186654398779212
172109311197968256
172109451693937627
80002861764594
86720319761211
172109341079879842
172104691314598333
172167791759676976
172147075432647132
172175049772004969
172104388029197556
84105239402561
172179600129204664
172167619289087317
172108383469594418
172088632340553124
172131866942511299
172092740951865697
172130836174564655
172189553096627888
85159145734639
172155104400193082
172131739504824659
172146950969798626
172131257012388281
172189824873943313
172130919548061507
172170615928560875
172177457529576403
172113725223442925
172087153168606986
172128449038248772
172171867254929955
172104413387843888
84823785082137
172153085548272551
89670626283427
172115218284614796
172151069178095351
172104858147677069
172104756057324989
172180164132931174
172083559612683740
87721716028562
172189152359513586
87223411299796
172113637575019534
172158069300130293
172179423237421108
172189108926449902
172158958324669304
172167823563928424
172179179429998465
172156647268177190
172116766173501176
172113752721256540
82662743088800
85499986902942
88247344150796
172169590060504226
89591785951377
172177091930628816
172083987781978577
172165588012948529
81594009087102
172116139160275750
172104407587166561
172161946555073382
172163283998385068
172103533682491504
172158043267368329
172183313335841840
172085290435390572
172147439920646198
172120639580748132
172165097708725662
172157943656085809
85844948795780
172152965672985253
172170632368184652
172104744046312091
81158854133913
172179852132361805
172104876750983129
172179882598065103
172130689244318309
172186746190886896
172084824205278269
172164371951234826
172092114366333628
87597129481278
84813900686146
172114187715759366
172167008424644473
80155611675201
172092129885535784
172187289536584973
172108104203681042
172131291086563354
81158824133916
80571241856508
86165194290052
172114166367265120
172156528287026578
172120434617372134
172131195154807421
172091062928929634
172108782403933543
172147182900798247
172166368712635679
89846854678775
172110685869695827
172104656668408504
172167821020246240
172186746106001770
172174048060000607
172109923151685997
172171253350164146
172103533061058452
172180178591442283
172165586255581106
172112976898932135
172084261935525117
172139550141964168
172079154933327080
172113022974789831
172109315792695784
172157824344588141
172108832060716481
172104764296529046
172109736981158781
172104400179336965
172153629404559252
172107972357494979
172131829885710583
172107975368773448
172179877593477105
172185792623872070
80163711690844
172127434547008843
172167234809332670
172128441897978136
172174575551035502
172169590322595004
172161377716914373
172104104218475012
172131111855861559
172176844270752583
172184309411845670
172186658982429142
172115179140439085
172178932108195139
172166004774294101
172167823342815884
172113052361696968
172131187860206824
172167229142631689
172171334171736815
172112403156788554
172178934031003174
172170659587451802
172170830465365527
172167815472102778
172131133531960985
172186655568476992
172113507058031514
172186770019343038
172165153786259833
172167813664698307
172111691775287773
172108670217565744
172167817294187896
172111352310329089
172171046083300759
172161934349573198
172167790994605717
172161924386592284
172158080438459827
172170634267039565
172130822057233360
172160351319537627
172115459873785882
172172554502821841
172170599198842538
85956532050600
172163124737041986
172086178640757629
172096976018671837
172188526492757047
172116775443903419
172188526492757047
172179541535284512
172104054096491765
172115193301904464
172129564752568319
172179566230368179
172161713877422352
172163275396467043
172179310154487149
172170685350513874
172162527999639555
172170830943329798
172156793041270595
172156531238088507
172185858504277356
172111110696547173
87920865782558
172176471976503373
172157914496126467
